[name] 新●设●计1
[puzzle] w3047430534
[production-cost] 1000
[power-usage] 561
[lines-of-code] 0

[traces] 
......................
......................
......................
......................
......................
......................
......................
......................
.15555555554.15555C...
.15555555554......2...
.15554.15554..........
......................
......................
......................

[chip] 
[type] PGA
[x] 5
[y] 1
[array-switch] False
[array-data] 
0,0,0,0,0,0,0,1,0,0,0,0,1,0,0,0,0,0,0,0,0,0,0,0,0,0,0,0,0,0,1,0,0,0,0,0,0,1,0,0,0,0,0,0,0,0,0,0,0,0,0,0,0,0,0,1,0,0,0,0,1,0,0,0,0,0

[chip] 
[type] PGA
[x] 11
[y] 3
[array-switch] True
[array-data] 
0,0,0,0,0,0,0,1,0,0,0,0,1,0,0,0,0,0,0,0,0,0,0,0,1,1,0,0,0,0,0,0,0,0,0,0,0,0,0,0,0,0,0,0,0,0,0,0,1,1,0,0,0,0,0,1,0,0,0,0,1,0,0,0,0,0

