[name] 新●设●计1
[puzzle] w1127299892
[production-cost] 2300
[power-usage] 1308
[lines-of-code] 0

[traces] 
......................
......................
......................
......................
......................
......................
...15554.15555414.....
...15554.14.1541C.....
...14.14.14.14..2.....
...14.15554954.14.....
...14.15555694954.....
...15555555561614.....
......................
......................

[chip] 
[type] NOT
[x] 14
[y] 2

[chip] 
[type] PGA
[x] 4
[y] 3
[array-switch] False
[array-data] 
1,0,0,0,0,0,0,1,0,0,0,0,0,0,1,0,0,0,0,0,0,0,0,0,0,1,0,0,0,0,0,0,0,0,0,0,0,0,0,0,0,0,0,0,0,0,0,0,0,0,1,0,0,0,0,0,0,0,0,0,1,0,0,0,0,0

[chip] 
[type] PGA
[x] 13
[y] 3
[array-switch] False
[array-data] 
1,1,1,1,0,0,0,1,1,1,1,0,0,0,0,0,0,0,1,0,1,1,0,0,0,1,0,0,1,0,0,0,0,0,0,0,0,0,0,0,0,0,1,1,0,1,0,0,0,0,1,0,1,0,1,1,1,0,0,0,0,0,0,1,1,0

[chip] 
[type] PGA
[x] 10
[y] 4
[array-switch] False
[array-data] 
0,0,0,0,0,0,1,1,1,1,0,0,0,1,1,1,1,0,0,1,0,0,1,0,1,0,1,1,0,0,0,0,0,0,0,0,0,0,0,0,0,0,0,0,1,0,1,0,1,1,0,1,0,0,0,0,0,1,1,0,1,1,1,0,0,0

[chip] 
[type] PGA
[x] 7
[y] 5
[array-switch] False
[array-data] 
1,0,0,0,0,0,0,1,0,0,0,0,0,1,1,0,0,0,0,0,1,0,0,0,0,1,0,0,0,0,0,0,0,0,0,0,0,0,0,0,0,0,0,0,0,0,0,0,1,0,0,0,0,0,0,0,1,0,0,0,0,1,0,0,0,0

[chip] 
[type] NOT
[x] 14
[y] 6

[chip] 
[type] NOT
[x] 14
[y] 7

