[name] 新●设●计1
[puzzle] w2870181304
[production-cost] 500
[power-usage] 282
[lines-of-code] 0

[traces] 
......................
......................
......................
......................
......................
......................
......................
......................
....15554.............
.............94.......
....15554.1556........
......................
......................
......................

[chip] 
[type] PGA
[x] 8
[y] 3
[array-switch] False
[array-data] 
1,1,1,1,0,0,0,0,1,0,0,0,0,1,0,1,0,0,1,1,0,0,0,0,0,0,1,1,0,0,0,0,0,0,0,0,1,0,0,0,0,0,0,0,0,0,0,0,0,0,0,0,0,0,1,0,0,1,0,0,0,1,1,0,0,0

