[name] 新●设●计1
[puzzle] w2867971899
[production-cost] 1000
[power-usage] 573
[lines-of-code] 0

[traces] 
......................
......................
......................
......................
......................
......................
.......15C14..........
.......94A14..........
.......A.A14..........
.......34A14..........
.......15614..........
..........14..........
......................
......................

[chip] 
[type] PGA
[x] 8
[y] 2
[array-switch] False
[array-data] 
1,1,1,0,0,0,0,1,0,1,0,0,1,0,1,1,0,0,0,0,0,0,0,0,0,0,0,0,0,0,0,0,0,0,0,0,0,0,0,0,0,0,0,1,1,0,0,0,1,0,0,1,0,0,0,0,1,1,0,0,1,1,0,0,0,0

[chip] 
[type] PGA
[x] 8
[y] 5
[array-switch] False
[array-data] 
0,0,0,1,0,0,1,0,1,0,0,0,0,1,0,0,0,0,0,0,0,0,0,0,0,0,0,0,0,0,0,0,0,0,0,0,0,0,0,0,0,0,0,1,1,0,0,0,1,0,0,1,0,0,0,0,1,1,0,0,1,1,0,0,0,0

