[name] 新●设●计1
[puzzle] w860157664
[production-cost] 1000
[power-usage] 612
[lines-of-code] 0

[traces] 
......................
......................
......................
......................
......................
......................
.....14...............
.....14...............
.....14.14............
......................
.....14...............
.....14...............
.....14.14............
......................

[chip] 
[type] PGA
[x] 6
[y] 1
[array-switch] False
[array-data] 
1,1,1,1,0,0,0,0,0,0,0,0,0,0,0,0,0,0,0,1,0,0,0,0,1,0,1,1,0,0,0,0,0,0,0,0,0,0,0,0,0,0,0,0,1,0,0,0,1,1,0,1,0,0,0,0,0,1,0,0,1,1,1,0,0,0

[chip] 
[type] PGA
[x] 6
[y] 5
[array-switch] False
[array-data] 
1,1,1,1,0,0,0,0,0,0,0,0,0,0,0,0,0,0,0,1,1,0,0,0,1,0,0,1,0,0,0,0,0,0,0,0,0,0,0,0,0,0,0,1,0,1,0,0,1,0,1,0,0,0,0,0,1,1,0,0,1,1,0,0,0,0

