[name] 新●设●计1
[puzzle] w861170739
[production-cost] 500
[power-usage] 303
[lines-of-code] 0

[traces] 
......................
......................
......................
......................
......................
......................
......................
......................
.....14.14............
.....14...............
.....14.14............
......................
......................
......................

[chip] 
[type] PGA
[x] 6
[y] 3
[array-switch] True
[array-data] 
0,0,1,0,0,0,0,1,0,0,0,0,1,0,0,0,0,0,0,0,0,0,0,0,0,0,1,0,0,0,0,0,0,0,0,0,0,0,1,0,0,0,0,0,0,0,0,0,0,1,0,0,0,0,0,0,0,0,0,0,1,0,0,0,0,0

